time,x,y,z,phi,theta,psi,x_velocity,y_velocity,z_velocity,phi_velocity,theta_velocity,psi_velocity,rotor_speed1,rotor_speed2,rotor_speed3,rotor_speed4
0.06,-1.2342669750397367e-07,-5.859120331570127e-08,10.004966474738477,6.282855309555153,0.00012402253657306517,0.0,-1.1367129448698393e-05,-1.6754512216205888e-05,0.16553886003631482,-0.019751295782425606,0.0059103284507073545,0.0,456.7604764380241,457.23145776181775,458.23391548586125,456.6614778560944
0.12000000000000001,-5.197456946889279e-06,-1.4077933341810273e-05,10.020948166157751,6.281683134341941,0.00025126860849411514,0.0,-0.00018754094040909438,-0.0005884986151297772,0.36714035968964687,-0.01910963389006183,-0.006806662538656593,0.0,468.64329660692,467.65392773647,467.9800356602197,468.03002883022293
0.18,-2.0195350753680135e-05,-8.33341232331655e-05,10.045417763619012,6.280981315737275,6.282539506358528,0.0,-0.0002572501266065246,-0.0018086752309160697,0.4484837638176874,6.435905750522622e-05,-0.0409575111138389,0.0,432.2647426251301,429.3776409621984,430.5600946686728,432.17905405448784
0.23999999999999996,-9.096970801512034e-06,-0.00024494394224318594,10.078852832476784,6.281158842682334,6.279650778644703,0.0,0.0009383411036822497,-0.0035666098438092175,0.6659164010007181,0.008196870063359304,-0.06912778368405322,0.0,474.5635001768317,472.39508664257363,472.08094604893523,472.7079018661873
0.3,0.000144294067778306,-0.0005026798920935178,10.12377177866843,6.281239119207104,6.275721115896609,0.0,0.004624339595669803,-0.004985958021201064,0.8312736458404276,-0.018177683523051907,-0.05907330636329446,0.0,458.4051220237061,459.2002208684999,457.54359680630125,455.43928485284795
0.36000000000000004,0.0006321857114342928,-0.0008570427657175577,10.181962998942588,6.2805519945738695,6.272520211788105,0.0,0.01206674560916874,-0.0069362933608468295,1.108203028931122,-0.0005812684452475726,-0.04383701410072502,0.0,489.71903178710795,490.8492429413855,490.2004838648854,491.5062734252862
0.4200000000000001,0.0015458129218116332,-0.001318037500139224,10.247797753293833,6.2806030546713885,6.269856122477204,0.0,0.018609962262226776,-0.008429449576522145,1.086307374228402,0.00357200873170643,-0.04555466763196629,0.0,396.6566569154243,396.497516684205,398.4959688933155,398.8753844283764
0.48000000000000015,0.002964013484038731,-0.001879519129569552,10.317218349584897,6.280777302404621,6.268033449083543,0.0,0.028896528833355462,-0.010265199823600423,1.2275678378777648,0.0015336534634463436,-0.010354594943871916,0.0,450.03367597085935,452.87302196585716,450.6532546457897,450.48842288496314
0.5400000000000001,0.005022082471997034,-0.0025453910158460854,10.394456097255159,6.281489818805781,6.267456042526984,0.0,0.03976649644564828,-0.011882328265378125,1.346889483414098,0.027108115087662712,-0.008199820631422067,0.0,444.9416112422176,445.1180892311652,442.9616393417924,445.05948559472904
0.6000000000000002,0.0077339611853071985,-0.003287139678715509,10.478204360394837,6.28292250974545,6.2667546051621255,0.0,0.05068702804061875,-0.012686019286404521,1.4445996974174216,0.016477387704002908,-0.01979190569727398,0.0,438.2235592152534,437.25912211945706,438.71950308959606,437.83610811581434
0.6600000000000003,0.011145779082417841,-0.004049613630593691,10.569473809736452,0.0011083482348386298,6.265324059742202,0.0,0.06317882286448034,-0.01259762384072465,1.597511353271699,0.03325548732041842,-0.03351071443375137,0.0,456.0795931172997,454.98258244125896,454.7015306956473,456.0435708246867
0.7200000000000003,0.0153223946028385,-0.004774291181655599,10.668832886660281,0.0029357675345771383,6.2633611309844675,0.0,0.07624603597949682,-0.011358153777237819,1.7142853076137514,0.024173744758239427,-0.031170941343819387,0.0,444.3535978827361,444.5449386511607,445.38384708733753,444.6408160834883
0.7800000000000004,0.020315335150741222,-0.005389353421095019,10.77477291008321,0.004357255249078484,6.261652952087616,0.0,0.0903646500721991,-0.008997417756272028,1.8168864403478218,0.0227091370963045,-0.023551669608210708,0.0,440.26527750276347,440.8949443050679,440.78785208250554,440.66687574632687
0.8400000000000004,0.02625852590193879,-0.005818587377244465,10.890066032308287,0.005224323517347251,6.260531909274551,0.0,0.10788187170856835,-0.005168290167533951,2.0258665532209563,-0.01224838736830554,-0.010392484441916178,0.0,473.268726566547,474.2804715888184,474.3475873920193,471.65559431444694
0.9000000000000005,0.0332370375562129,-0.006015714153540614,11.016167402181944,0.004464377407281894,6.259858040218139,0.0,0.12479959068674161,-0.001485882738817809,2.177234486695392,-0.013513860362303192,-0.012963561073719931,0.0,457.28658993511556,457.0818748215898,456.63349892781,456.53266815777687
0.9600000000000005,0.0412150831525091,-0.006014335206331326,11.150036484490727,0.0040052754478443475,6.2592580517267,0.0,0.14120039652954341,0.001467552046612081,2.284856989460153,0.0020533347058851615,-0.0046484669494627606,0.0,443.0629205918442,443.74611544650173,443.86581428407885,445.1415794763742
1.0200000000000005,0.050265190023948365,-0.0058291189809205396,11.293590242399947,0.004135595389595181,6.259066928337218,0.0,0.16048643837678533,0.004719612878444472,2.4998218803964343,0.0024082962093753624,-0.0004088289044280999,0.0,477.0105453651694,477.3342436043692,476.55883645793364,476.58592080292897
1.0800000000000005,0.06038932261217357,-0.005460578497465713,11.446451874808327,0.004041514687365577,6.259009935278414,0.0,0.17698302338369956,0.007568269443045665,2.59535272394931,-0.011025019700783067,-0.002054660204306356,0.0,442.1304135742249,441.99481804201355,441.63689700854934,440.52756272838195
1.1400000000000006,0.07149340375628906,-0.004927933675738755,11.604580327468208,0.0031578856976182124,6.258871806002695,0.0,0.1931608152072608,0.010110593809227329,2.6754106305864744,-0.023409097241783826,-0.0028018310096904345,0.0,436.86964357301247,436.80738773228234,437.92715389651283,436.89593170140523
1.2000000000000006,0.08367146073037572,-0.004251288349651692,11.771637124786295,0.0014773958204949977,6.258587286085426,0.0,0.2127875291639031,0.012261219981651791,2.892624179340048,-0.03931219876289019,-0.008936138910838866,0.0,478.93126201697976,478.4645647354314,480.39154159782976,479.18397591590985
1.2600000000000007,0.09695256584816349,-0.003494015867284195,11.94837913957988,6.282091031169783,6.258221643036684,0.0,0.22995428992928696,0.012728542771863074,2.9985023206016144,-0.05111845909833866,-0.0009422016187180561,0.0,445.79555818421983,446.44838033642526,447.9682072819084,447.0061037929166
1.3200000000000007,0.11130738889961703,-0.0027674072501033087,12.132990402602926,6.279091551918494,6.258082665347818,0.0,0.2485390293272261,0.011157931808325819,3.154786202337958,-0.04782803705549287,-0.005216974514376862,0.0,462.91119789877735,462.5747375979839,462.8054149664196,463.06286422491405
1.3800000000000008,0.12682984428377275,-0.002209794406950819,12.328917783826334,6.275681066849366,6.257931346623973,0.0,0.2688866572059845,0.0070726924613548625,3.3754975853886027,-0.0889425308484467,0.002386605221838788,0.0,482.10616131545726,482.6803827528861,484.57610966430826,481.4729760362949
1.4400000000000008,0.14349387395146873,-0.0019647199172435547,12.534929557621513,6.270605799824292,6.258900215613137,0.0,0.28650382238357486,0.000557488763320057,3.4912113179659117,-0.07706014002553192,0.034874308178254314,0.0,451.51630917094946,454.1297876822632,452.02178079452955,452.9725648808836
1.5000000000000009,0.16118351829963445,-0.002212996804183308,12.747704063374934,6.265942521975354,6.260792404218627,0.0,0.3029340317345018,-0.009309180185852643,3.600931370501292,-0.07907669490664568,0.02384922957517269,0.0,451.89835301658036,451.0090592305811,451.71197798315166,451.5446229371461
1.560000000000001,0.17983825948920398,-0.003165435770168798,12.9678254512847,6.261043744385921,6.262326317198399,0.0,0.3187203529698841,-0.022947200166005502,3.736010323588296,-0.08735276832387555,0.028793076025694107,0.0,460.3872177101999,460.7783287916058,459.80016205990086,459.1388134260917
1.620000000000001,0.1993911119940663,-0.005028559799092869,13.195357840649683,6.255758590084202,6.264128935888454,0.0,0.3328486643013973,-0.03969458062082295,3.8480232210375664,-0.089592967077626,0.032433900537928356,0.0,455.12527545710986,455.41686040339243,452.58996612645245,452.40332010483974
1.680000000000001,0.21978240400405788,-0.00805312841921008,13.431197999223334,6.250606422621983,6.265860019578081,0.0,0.3466421398669641,-0.061694619400142356,4.0127386776048315,-0.0793084654724494,0.0205010132882131,0.0,470.78182207693754,469.85774108968496,470.4931429250785,471.2830964952425
1.740000000000001,0.2409684507474944,-0.012518379590057319,13.677142507955953,6.24654637325472,6.267140543642981,0.0,0.35940571106437785,-0.08761554580121095,4.184782431878921,-0.0510499619051471,0.02297309821552069,0.0,474.08968700189916,474.27957273244857,472.60891431411204,474.7786638317451
1.8000000000000012,0.2628764521021668,-0.0185932547637532,13.932539076571095,6.243200544401908,6.26844500827405,0.0,0.3707052644822882,-0.11520502007462471,4.327893093582978,-0.06742031598339981,0.019155853308651303,0.0,466.3008675828609,466.002536873079,467.6900804712867,466.4111771388006
1.8600000000000012,0.28536604049347275,-0.026209449744925527,14.191822106425215,6.23915256060609,6.269343919600967,0.0,0.3788579054189039,-0.1390150800423771,4.314908620697485,-0.06755867011277794,0.004953284754741983,0.0,418.9610143487278,417.72412093934656,418.4607446931097,418.4449790048259
1.9200000000000013,0.30834917549764757,-0.035380576462571936,14.451596231628454,6.2356368726799545,6.269650170628342,0.0,0.3872161752914236,-0.16702624842733946,4.344099094638794,-0.04493790060418679,0.005404300648666953,0.0,431.6605392143998,431.69851159450945,431.784959831823,433.68663199683067
1.9800000000000013,0.33183360516311156,-0.0463139773163833,14.713544947103234,6.232853050586053,6.269672899366752,0.0,0.39557600091352996,-0.19766829568882877,4.387342161392802,-0.04948676301796679,-0.012278672497986812,0.0,437.3375793992727,435.86209273792053,437.6131300813055,437.2329626705634
2.0400000000000014,0.3557836744680742,-0.05899484637323072,14.975253477632648,6.230388232775187,6.269266996500644,0.0,0.4028056172941197,-0.22525023292338595,4.336452281783588,-0.0280875495268617,0.002453727564458971,0.0,406.3113535220963,407.6302618254327,404.372591657495,406.2947480635947
2.1000000000000014,0.3802284585026528,-0.0735838724792017,15.23799312443065,6.229033963896761,6.269256805585325,0.0,0.4120073110541167,-0.2611827940996454,4.42119649946146,-0.013349523516490807,-0.006015142804445324,0.0,449.8065592440968,449.12014068845116,450.20070721725324,451.3916771360323
2.1600000000000015,0.40521659978624014,-0.09031587093052947,15.505126112700788,6.228096743776568,6.269589007563926,0.0,0.4209211461254459,-0.29662062352121804,4.482983613508821,-0.020599784310127347,0.022068725725106385,0.0,442.5613725194431,444.86713389762116,443.87571950269876,443.28035508845636
2.2200000000000015,0.43072719492733086,-0.10919209603487762,15.775936058012089,6.226344102130376,6.2708629329890275,0.0,0.42930157887868636,-0.3327062801001448,4.543762270633026,-0.05822391888633122,0.01950417573376964,0.0,443.1102612399329,442.8993629055455,446.2576049879938,443.1749309294789
2.2800000000000016,0.45670427608284786,-0.13022239723351994,16.049454318917196,6.222697798361624,6.27229812050156,0.0,0.4364770499766013,-0.36862352419292965,4.573369596776576,-0.06642542259901243,0.03154242098179587,0.0,433.77810578077185,434.78805098043256,435.0031346985529,434.3129775437021
2.3400000000000016,0.4830705954165785,-0.15340892666828373,16.32363167964154,6.21859439820987,6.274423265234576,0.0,0.4422240042451922,-0.40461087717015926,4.565878334759343,-0.07263871589851208,0.042220614058817635,0.0,422.51663668548855,423.43696816066785,422.60037247723244,422.060583140038
2.4000000000000017,0.5097522450066656,-0.17890837082727717,16.59858931661637,6.213873268474403,6.277217142387386,0.0,0.44691338425776844,-0.4457765836992519,4.5992082260255085,-0.094899269668606,0.05407838393448803,0.0,435.40395266408484,436.3963005250057,437.00003282726425,435.13495327862705
2.4600000000000017,0.5366746809949489,-0.20716631974021626,16.878316634920807,6.208081623843803,6.279922178709059,0.0,0.45016535620749853,-0.4967258056518336,4.724472144573682,-0.09999771069558946,0.013127343278822867,0.0,467.00552531021606,463.8008778725329,464.74537569906744,464.3380145556137
2.520000000000002,0.5637356674050978,-0.23840585057612157,17.162920148284208,6.201761343030453,6.280705925635438,0.0,0.45179296031567945,-0.5451480616125431,4.762093899608033,-0.11902463602950544,0.012932345955917775,0.0,438.9310170513044,438.9147154730217,439.76795423188565,438.1787720945355
2.580000000000002,0.5908877524690791,-0.2729768174263963,17.453427118174265,6.194341989129173,6.281679658287857,0.0,0.4531760955813051,-0.6079635756324818,4.9207099992214935,-0.1350469051152828,0.02211846542758785,0.0,476.2558126889993,476.9578718629673,477.0902248295637,475.8522462018342
2.640000000000002,0.6180893607769168,-0.3108227503235841,17.746100906648426,6.186307354115785,6.282722338982147,0.0,0.4534530018626526,-0.6542014803809042,4.835371028812782,-0.13173196099460907,0.005633019494748418,0.0,400.8500116901624,399.3488205254933,399.64584919515477,399.92921445263613
2.700000000000002,0.6452975011193807,-0.35233713279443013,18.04148297104483,6.177952669940716,6.283060338444017,0.0,0.45344603792044547,-0.7304445867634093,5.009820963635216,-0.16176199872813266,0.005633934172498721,0.0,482.2019271287245,482.20189643012066,483.35932825620694,481.0735487608806
2.760000000000002,0.6724970508243743,-0.3981342058030894,18.34274046939825,6.168508567983686,0.00026827967603892944,0.0,0.45317199505852823,-0.7969759596342434,5.031864833519273,-0.14987001905161354,0.008333867991743972,0.0,437.7536643750135,437.97820488878676,436.38111775329054,437.3487597564685
2.820000000000002,0.6996717217541562,-0.44828867377109843,18.646965251119042,6.159543267877883,0.0007759005965430887,0.0,0.45260015739922194,-0.8756805879792746,5.108468422812722,-0.1485407876827698,0.008712122841556738,0.0,454.7064801638693,454.736664199065,455.43744432764765,455.52337738815544
2.880000000000002,0.7268012852582804,-0.5034186673177627,18.956352890134887,6.150268246065853,0.0011528773102069678,0.0,0.4516723210082511,-0.9628436136972108,5.203847807175577,-0.17076706169475137,0.0009181538855730148,0.0,462.88978619838633,462.2758532173957,462.1314336678662,460.3537788633998
2.940000000000002,0.7538772230637617,-0.5630382660458169,19.264534801607596,6.139835629842208,0.0009799313142675459,0.0,0.45086160109052337,-1.025250148797535,5.069341377775525,-0.1809509930940457,-0.01184063414481324,0.0,387.3195839817489,386.11757645059816,387.1600702327705,386.16630871938986
3.000000000000002,0.7809054454278643,-0.6271115283322516,19.56848876359445,6.128528060712528,0.00041290749872668897,0.0,0.45013521146496294,-1.1114708291145408,5.062274964311696,-0.21093752541716787,-0.005053742008243087,0.0,429.83747620658727,430.4124597896602,430.9045781102793,428.32466457378285
3.0600000000000023,0.8078983152085737,-0.6968840695426712,19.87402346495245,6.115560441545021,2.9918357542513263e-06,0.0,0.44966205698480777,-1.2154537983392766,5.121660381342882,-0.22929022296235746,-0.010649347087638539,0.0,452.09082161443956,451.6397776306567,452.29513245475493,450.7685464405542
3.1200000000000023,0.8348719772930072,-0.7728137619797008,20.181108567162426,6.10156555315845,6.2822690679991116,0.0,0.44952692819437945,-1.316721081134166,5.114231799251977,-0.24262892129470376,-0.026849289491794964,0.0,431.7081788297671,430.3389184353235,432.42281443164603,431.24126654455665
3.1800000000000024,0.8618640288699481,-0.8561296885260983,20.49340742837855,6.087155802454312,6.280208270644259,0.0,0.45041237254735367,-1.461947771468433,5.294450744246054,-0.23564559876088645,-0.05682419922646785,0.0,491.2788955179689,489.05045754469194,489.8257476515321,490.2931071511981
3.2400000000000024,0.8889469237021528,-0.94745468310587,20.811306050231156,6.073025730747176,6.276990200821707,0.0,0.45265080285771225,-1.5834354577377951,5.3017309597758455,-0.23521451364184856,-0.04791834213666243,0.0,439.3418396220361,440.0777963907299,439.4718325833145,439.4515952422049
3.3000000000000025,0.9161978989836325,-1.0455743645719968,21.126124744366326,6.059062126122257,6.274117686592426,0.0,0.4559285668787832,-1.6883040041591626,5.192365371060075,-0.22817366054524899,-0.047789195264228986,0.0,400.0360937201734,400.0461860968669,401.26218638383233,401.8406833821742
3.3600000000000025,0.9437001080237638,-1.1504659562753778,21.435546959390546,6.046008117221689,6.271172291648828,0.0,0.4610438981025035,-1.809151527414752,5.121620228982434,-0.202065823775217,-0.05182623211972328,0.0,413.94701661723553,413.5898470831339,413.39301249367844,415.6362323063987
3.4200000000000026,0.9716017750048279,-1.2636622938917101,21.74417038465099,6.034205775253927,6.26864732246376,0.0,0.46927455257971373,-1.9650948088998799,5.165138556204322,-0.18771709790457985,-0.02752288230376588,0.0,450.5201484545253,452.4801622801175,452.74947060941895,453.8654602182497
3.4800000000000026,1.000058416282408,-1.3867141611058376,22.056418442125903,6.023184325745493,6.267212281918509,0.0,0.4794274038243134,-2.137600413792201,5.242246327871883,-0.17666717251411534,-0.01753788685329373,0.0,465.0959907716528,465.8774392619799,463.0378059306972,463.87514283889385
3.5400000000000027,1.029084945400637,-1.5192681706415307,22.369242650506244,6.013194365051728,6.266165025524369,0.0,0.4882094944386885,-2.2817123602028846,5.185044846823419,-0.1514757707528217,-0.017287578958751104,0.0,421.6724352304162,421.6941191472064,422.1073671166164,424.2475427978252
3.6000000000000028,1.0586328418683293,-1.6602871675687239,22.67735917734222,6.003601383400145,6.265835236289009,0.0,0.49677003751478327,-2.4196914132114364,5.0855442571383636,-0.1874481261733644,0.011283488442768302,0.0,406.32603943404547,408.8799682642767,410.0485222680581,406.811398447728
3.660000000000003,1.0886976273228102,-1.8097881210320486,22.97963268086125,5.992553768913535,6.266964710507073,0.0,0.5053192935502896,-2.5645811578140942,4.990179823421365,-0.17820588600953746,0.030748453785410638,0.0,407.9773729700217,409.71199379639796,409.7605600329436,410.5454889258744
3.720000000000003,1.119260480323172,-1.968262161569305,23.276497714882954,5.981930557278222,6.268855547129885,0.0,0.5132954683625061,-2.718764833296811,4.905186074592174,-0.1748462103818648,0.03300230339312824,0.0,412.6193427735319,412.81874249180856,413.8596185822894,414.12253196424354
3.780000000000003,1.150277924661839,-2.136303926502034,23.568681107423327,5.971606466234341,6.270790509785964,0.0,0.520459075793143,-2.8834896931255525,4.834023290756624,-0.16702892229929828,0.03069964387953941,0.0,418.75228002462876,418.5523420897242,418.2075865557395,418.85758537623497
3.840000000000003,1.1817287623809183,-2.315326284834578,23.85939934917523,5.961782878111997,6.273337480538318,0.0,0.5276779662797644,-3.084741236803057,4.855833305050317,-0.15783443791846496,0.0591832665269563,0.0,449.7697366884734,452.0719895957399,450.08649363673146,450.804915619127
3.900000000000003,1.2135715755931835,-2.507111037228104,24.152845279144643,5.953104052868881,6.276365613014743,0.0,0.5333869623838634,-3.3088033474581966,4.924683654666558,-0.12648679821158618,0.020719095912158134,0.0,469.2959777154054,466.30160989065604,465.9055565768952,468.33122479189205
3.960000000000003,1.245714557458316,-2.7131246471269193,24.452113862780774,5.945836805735862,6.277533189166441,0.0,0.537901670469704,-3.5588412194004593,5.049616491986802,-0.11211858220399328,0.01681370506264997,0.0,487.6543510325454,487.36241580153603,485.91730072565656,486.98140856041545
4.020000000000002,1.278094115901435,-2.9338072145351832,24.75738341996057,5.9392989119925765,6.278154325318187,0.0,0.5413204543355877,-3.7977177770759583,5.124962477792624,-0.10330935358209184,-0.007495363076012212,0.0,475.95174851129303,474.0871951809657,473.38020313733523,474.0480119522043
4.080000000000001,1.3106563953848245,-3.167993762131329,25.064394222322754,5.933021948900953,6.277642529281032,0.0,0.5441304139479807,-4.0090234436764,5.108149236870627,-0.10736419327839969,-0.010683833733965418,0.0,447.36527392628767,447.10564191498423,446.6522034029876,446.31181066099765
4.14,1.3433981818246221,-3.415056687200527,25.370525505591445,5.927168873657575,6.276521142098723,0.0,0.5473325255150482,-4.226916783737181,5.09559111629114,-0.08291827807145932,-0.043886061608881394,0.0,450.89878414879325,448.2077787663191,448.6653380258551,450.63776347505103
4.199999999999998,1.3763724073858385,-3.6759167229055416,25.677461118514795,5.922606264917565,6.273726650511325,0.0,0.5520752931084432,-4.468754049101724,5.134677588653872,-0.06498187291973193,-0.0525805537000253,0.0,467.0911140153538,466.4112337446296,468.2146538490081,469.60393699523485
4.259999999999997,1.4097092405814649,-3.9521086942805526,25.988567006271477,5.918463934608804,6.271213320828657,0.0,0.55944717861031,-4.737825469451987,5.234234940391989,-0.07872105260354613,-0.026276374744312304,0.0,488.11837865315994,490.0768968194374,488.8658707079172,487.8376335000293
4.319999999999996,1.4434801172366112,-4.24285122465677,26.301109778010872,5.913918328786817,6.269328896729055,0.0,0.5663927720808607,-4.9540563453794215,5.183404110888252,-0.07041617368715955,-0.04440476237551367,0.0,443.44116963572156,441.94870383455776,442.9501683840227,443.62821377240084
4.379999999999995,1.4776906213309389,-4.5463339019255695,26.60967040739244,5.9097695335023985,6.266554446361756,0.0,0.5741788282022956,-5.162525080956694,5.101670357573511,-0.06672240720760227,-0.05019073652133137,0.0,433.56243792132636,433.07458560750985,433.3458998001525,433.6526061570155
4.439999999999993,1.5124724505982488,-4.863658429737708,26.91641445553709,5.906362941514011,6.26408816050699,0.0,0.5854677132408764,-5.415248790403783,5.122224433295583,-0.04198943779591436,-0.027302652869442456,0.0,467.9428275575611,469.7206401400618,466.798297048223,468.72257484743216
4.499999999999992,1.5479252975781532,-5.195282130193964,27.221900299221357,5.904103288779677,6.262244604816004,0.0,0.5964368517349621,-5.639242426048545,5.060267668304211,-0.03016987628575555,-0.03864274398255036,0.0,443.73924493575737,442.80676809779584,441.9619125111761,442.93455514851
4.559999999999991,1.5841536231123294,-5.5418786022499775,27.527257659949402,5.9022311186928125,6.25964989634298,0.0,0.6114068496248726,-5.914068141741408,5.117211578045748,-0.03335279863733965,-0.054557504069980015,0.0,483.05720188812,481.8543811455966,482.7605802087006,482.5200446517053
4.6199999999999894,1.621202850389274,-5.902964174682161,27.830764517471913,5.900095491116538,6.256075271081894,0.0,0.6238318069909885,-6.122612037994835,4.999617451033101,-0.0405004431392823,-0.07220681156161787,0.0,426.6769108773473,425.16423376642547,428.1336930323692,427.5243241661027
4.679999999999988,1.6590451034540539,-6.276508291530049,28.12681012835439,5.897733211320073,6.251890172108391,0.0,0.6379010321177795,-6.329414032081517,4.868540720823787,-0.037204217171855986,-0.06524740485979096,0.0,421.5978293090025,422.1948768989823,422.51198464816974,422.7952883807843
4.739999999999987,1.6979131135332397,-6.663979051408357,28.418444414618275,5.895819928273106,6.249092858485264,0.0,0.6579803772208004,-6.586588439162019,4.85185544990167,-0.022950594065733063,-0.02373886303571121,0.0,460.25081918025285,463.5234949477891,460.84285164522566,461.96805302721674
4.799999999999986,1.7380147039489275,-7.066798097529852,28.708581768381755,5.895466576485017,6.247592562895688,0.0,0.6788551636087596,-6.840999701647281,4.818799026956748,0.015751565879918442,-0.02766518900018285,0.0,458.01612226904155,457.70358590803113,456.24036155112253,459.3208058318834
4.859999999999984,1.7792836999953165,-7.483774426919033,28.993786554025686,5.896569359426373,6.245949459204212,0.0,0.6969099512428906,-7.058677297332007,4.68811807327292,0.02317628109865217,-0.026830694250305855,0.0,425.2670321787219,425.33830989643184,425.31470973752425,425.95028192976224
4.919999999999983,1.8217335064111573,-7.914630474650953,29.272949412313874,5.897563138307667,6.245265926520258,0.0,0.7181644103029041,-7.303515933491319,4.617037823871085,-0.001905441289670939,0.00886541601879359,0.0,444.5649073560479,447.48101046587794,447.04720339020423,444.9981601993862
4.979999999999982,1.8655387370245053,-8.361005109929758,29.549644589394575,5.897750494755517,6.245830378252553,0.0,0.7419321859534405,-7.575907175437778,4.605412449338435,0.011648449594768233,0.010470305946111294,0.0,466.21972067119424,466.3450014898832,466.21065901775484,467.26870104628955
5.0399999999999805,1.9105789383170702,-8.822013091626115,29.82115031336734,5.898120635910374,6.246445828034904,0.0,0.7593753532520223,-7.7916807027281365,4.4449905668086025,-0.008011305563689685,0.009828444136734336,0.0,416.66991060187894,416.6136580358788,418.18038904149176,416.46376091283526
